   8.5387615e+00
   1.1306432e+00
   1.1150123e+00
   1.1235017e+00
   1.1176497e+00
   1.1234187e+00
   1.1466631e+00
   1.1392564e+00
   1.2218448e+00
   1.5775877e+00
   1.1926728e+00
   1.1690329e+00
   1.1924716e+00
   1.2030293e+00
   1.1977392e+00
   1.1189161e+00
   1.1182176e+00
   1.1196672e+00
   1.1409079e+00
   1.1247004e+00
   1.2072929e+00
   1.1648847e+00
   1.1409782e+00
   1.1863161e+00
   1.1313637e+00
   1.1474069e+00
   1.1248430e+00
   1.1429836e+00
   1.2065333e+00
   1.1336812e+00
   1.1555382e+00
   1.1059650e+00
   1.1068085e+00
   1.1223437e+00
   1.1296350e+00
   1.1255311e+00
   1.1305836e+00
   1.1331168e+00
   1.1338483e+00
   1.1193238e+00
   1.1236695e+00
   1.1316327e+00
   1.1087662e+00
   1.1084996e+00
   1.1238350e+00
   1.1216172e+00
   1.1138905e+00
   1.1171502e+00
   1.1188749e+00
   1.1146752e+00
   1.1211845e+00
   1.1142517e+00
   1.1281348e+00
   1.1248637e+00
   1.1084014e+00
   1.1345051e+00
   1.1299654e+00
   1.1171707e+00
   1.1140565e+00
   1.1231869e+00
   1.1385306e+00
   1.1339167e+00
   1.1336690e+00
   1.1161994e+00
   1.1155688e+00
   1.1173056e+00
   1.1411039e+00
   1.1523055e+00
   1.1294738e+00
   1.1284705e+00
   1.1394292e+00
   1.1383415e+00
   1.1507281e+00
   1.1575307e+00
   1.1334573e+00
   1.1495448e+00
   1.1451396e+00
   1.1384920e+00
   1.1460091e+00
   1.1347960e+00
   1.1305557e+00
   1.1411976e+00
   1.1324860e+00
   1.1415564e+00
   1.1463097e+00
   1.1442901e+00
   1.1400839e+00
   1.1299528e+00
   1.1369165e+00
   1.1560525e+00
   1.1347321e+00
   1.1591545e+00
   1.1857198e+00
   1.2060641e+00
   1.1732460e+00
   1.1328422e+00
   1.1340092e+00
   1.1417378e+00
   1.1348308e+00
   1.1405545e+00
   1.1617182e+00
   1.1569675e+00
   1.1595231e+00
   1.1463748e+00
   1.1308581e+00
   1.1382083e+00
   1.1375891e+00
   1.1501678e+00
   1.1443752e+00
   1.1290196e+00
   1.1431271e+00
   1.1387571e+00
   1.1367792e+00
   1.1854933e+00
   1.1225747e+00
   1.1359333e+00
   1.1309024e+00
   1.1283103e+00
   1.1495193e+00
   1.1287714e+00
   1.1307431e+00
   1.1388000e+00
   1.1287440e+00
   1.1462725e+00
   1.1350459e+00
   1.1294991e+00
   1.1373457e+00
   1.1717254e+00
   1.1040038e+00
   1.1173276e+00
   1.1167625e+00
   1.1257516e+00
   1.1484388e+00
   1.1103390e+00
   1.1341881e+00
   1.1294502e+00
   1.1472431e+00
   1.1407865e+00
   1.1425618e+00
   1.1291441e+00
   1.1121842e+00
   1.1305040e+00
   1.1252185e+00
   1.1151763e+00
   1.1218003e+00
   1.1124533e+00
   1.1288384e+00
   1.1445025e+00
   1.1119353e+00
   1.1238195e+00
   1.1188511e+00
   1.1234945e+00
   1.1106356e+00
   1.1125587e+00
   1.1293594e+00
   1.1326963e+00
   1.1160859e+00
   1.1208759e+00
   1.1154321e+00
   1.1177002e+00
   1.1243640e+00
   1.1188587e+00
   1.1303471e+00
   1.1371447e+00
   1.2008644e+00
   1.2283388e+00
   1.1669630e+00
   1.1462232e+00
   1.1334900e+00
   1.1581718e+00
   1.1337289e+00
   1.1396877e+00
   1.1441446e+00
   1.1206127e+00
   1.1396669e+00
   1.1966327e+00
   1.1826428e+00
   1.2275087e+00
   1.1519541e+00
   1.2160841e+00
   1.2523826e+00
   1.1820334e+00
   1.1828097e+00
   1.1474072e+00
   1.1382786e+00
   1.1311053e+00
   1.1790975e+00
   1.2061573e+00
   1.1518751e+00
   1.2133585e+00
   1.1819059e+00
   1.1360127e+00
   1.1545166e+00
   1.1755515e+00
   1.2016391e+00
   1.1227521e+00
   1.1282014e+00
   1.1164406e+00
   1.1191820e+00
   1.1139401e+00
   1.1197320e+00
   1.1135467e+00
   1.1322457e+00
   1.1169203e+00
   1.1288689e+00
   1.1501547e+00
   1.1570841e+00
   1.1388286e+00
   1.1809789e+00
   1.1607774e+00
   1.1345919e+00
   1.1189738e+00
   1.1436199e+00
   1.1523656e+00
   1.1384376e+00
   1.1416746e+00
   1.1557132e+00
   1.1420714e+00
   1.1328906e+00
   1.1543683e+00
   1.1820580e+00
   1.1747864e+00
   1.2133690e+00
   1.1248327e+00
   1.1334637e+00
   1.1352967e+00
   1.1314572e+00
   1.1255702e+00
   1.1330527e+00
   1.1352881e+00
   1.1492730e+00
   1.1361755e+00
   1.1532222e+00
   1.1439668e+00
   1.2030319e+00
   1.1632014e+00
   1.1411818e+00
   1.1375755e+00
   1.1782237e+00
   1.2150158e+00
   1.1045870e+00
   1.1207291e+00
   1.1216255e+00
   1.1875731e+00
   1.1263491e+00
   1.1163245e+00
   1.1462694e+00
   1.1129879e+00
   1.1147565e+00
   1.1405441e+00
   1.1241072e+00
   1.1193780e+00
   1.1243809e+00
   1.1249744e+00
   1.1066502e+00
   1.1094390e+00
   1.1440321e+00
   1.1484178e+00
   1.1375920e+00
   1.1452607e+00
   1.1651677e+00
   1.1979636e+00
   1.1735340e+00
   1.1454040e+00
   1.1440641e+00
   1.1684750e+00
   1.1875821e+00
   1.1565300e+00
   1.1332887e+00
   1.1807870e+00
   1.1405255e+00
   1.1373376e+00
   1.1402897e+00
   1.1493939e+00
   1.1961728e+00
   1.1773125e+00
   1.1732892e+00
   1.1783689e+00
   1.1709586e+00
   1.1878389e+00
   1.1472326e+00
   1.1287550e+00
   1.1303555e+00
   1.1513711e+00
   1.1293176e+00
   1.1415120e+00
   1.1825796e+00
   1.1441516e+00
   1.1598476e+00
   1.1421028e+00
   1.1501676e+00
   1.1770576e+00
   1.1634079e+00
   1.2392243e+00
   1.2125422e+00
   1.1704355e+00
   1.1451184e+00
   1.1337775e+00
   1.1458183e+00
   1.1824669e+00
   1.1489195e+00
   1.1367584e+00
   1.1456500e+00
   1.1604863e+00
   1.1432782e+00
   1.1533769e+00
   1.1444908e+00
   1.1416765e+00
   1.1107126e+00
   1.1147548e+00
   1.1140650e+00
   1.1567010e+00
   1.1413294e+00
   1.1256832e+00
   1.1377305e+00
   1.1782554e+00
   1.1607791e+00
   1.1624891e+00
   1.1598600e+00
   1.1641935e+00
   1.1456388e+00
   1.1454042e+00
   1.1405109e+00
   1.1332883e+00
   1.1556479e+00
   1.1478811e+00
   1.1390411e+00
   1.1569058e+00
   1.1365699e+00
   1.1359085e+00
   1.1377441e+00
   1.1321751e+00
   1.1523632e+00
   1.1407326e+00
   1.1458677e+00
   1.1514782e+00
   1.1481971e+00
   1.1371106e+00
   1.1347958e+00
   1.1398076e+00
   1.1423305e+00
   1.1400815e+00
   1.1510340e+00
   1.1851784e+00
   1.2438408e+00
   1.1476492e+00
   1.1640443e+00
   1.2175797e+00
   1.2057091e+00
   1.2298228e+00
   1.2238468e+00
   1.2020301e+00
   1.1772500e+00
   1.2495063e+00
   1.2394932e+00
   1.2237166e+00
   1.1664742e+00
   1.1636532e+00
   1.2124594e+00
   1.1739696e+00
   1.1871780e+00
   1.1717528e+00
   1.1915609e+00
   1.1973647e+00
   1.2691759e+00
   1.2736551e+00
   1.1852173e+00
   1.3436035e+00
   1.1896783e+00
   1.1814517e+00
   1.2130872e+00
   1.2037955e+00
   1.1947483e+00
   1.2339393e+00
   1.2621819e+00
   1.1553696e+00
   1.2153665e+00
   1.1952401e+00
   1.1705602e+00
   1.1497956e+00
   1.1539441e+00
   1.1531333e+00
   1.1476968e+00
   1.1570333e+00
   1.1465486e+00
   1.1528572e+00
   1.1450342e+00
   1.1532615e+00
   1.1532751e+00
   1.1366330e+00
   1.1612939e+00
   1.1489323e+00
   1.1514295e+00
   1.1560539e+00
   1.1442336e+00
   1.1440653e+00
   1.1577924e+00
   1.1489133e+00
   1.1481818e+00
   1.1549109e+00
   1.1501764e+00
   1.1752266e+00
   1.1089293e+00
   1.1327389e+00
   1.1500398e+00
   1.1982473e+00
   1.1936909e+00
   1.2078048e+00
   1.1589204e+00
   1.1385277e+00
   1.3683826e+00
   1.2337450e+00
   1.1738852e+00
   1.2095369e+00
   1.2070297e+00
   1.1396869e+00
   1.1460890e+00
   1.1340243e+00
   1.1155938e+00
   1.1289667e+00
   1.1354274e+00
   1.1374115e+00
   1.1107956e+00
   1.1584212e+00
   1.1997129e+00
   1.1628271e+00
   1.1495663e+00
   1.1369077e+00
   1.1362034e+00
   1.1486994e+00
   1.1486968e+00
   1.2758363e+00
   1.4189576e+00
   1.2175187e+00
   1.2514654e+00
   1.1436080e+00
   1.1358327e+00
   1.1414937e+00
   1.1514875e+00
   1.1385323e+00
   1.1513172e+00
   1.1406003e+00
   1.1455027e+00
   1.1392251e+00
   1.1393133e+00
   1.1320826e+00
   1.1415478e+00
   1.1345891e+00
   1.1362771e+00
   1.1606935e+00
   1.1702250e+00
   1.1418172e+00
   1.1491481e+00
   1.1573483e+00
   1.1815435e+00
   1.1706642e+00
   1.1824275e+00
   1.1682893e+00
   1.1666869e+00
   1.1593302e+00
   1.1511854e+00
   1.1600684e+00
   1.1731156e+00
   1.1635560e+00
   1.1432215e+00
   1.1640569e+00
   1.1460043e+00
   1.1445979e+00
   1.1639453e+00
   1.1620785e+00
   1.1453034e+00
   1.2169288e+00
   1.1634153e+00
   1.1627873e+00
   1.1613513e+00
   1.1433233e+00
   1.1624628e+00
   1.1826342e+00
   1.1658369e+00
   1.1585959e+00
   1.1589783e+00
   1.1521579e+00
   1.1668423e+00
   1.1583401e+00
   1.1335126e+00
   1.1376463e+00
   1.1394559e+00
   1.1427952e+00
   1.1562995e+00
   1.1449760e+00
   1.1440335e+00
   1.1414653e+00
   1.1370364e+00
   1.1327227e+00
   1.1392685e+00
   1.1519078e+00
   1.1586066e+00
   1.1443759e+00
   1.1641203e+00
   1.1605748e+00
   1.1404740e+00
   1.1544565e+00
   1.1320301e+00
   1.1292475e+00
   1.1358901e+00
   1.1422108e+00
   1.1461312e+00
   1.1264068e+00
   1.1457204e+00
   1.1408943e+00
   1.1364142e+00
   1.1539513e+00
   1.1459461e+00
   1.1449562e+00
   1.1393396e+00
   1.1490568e+00
   1.1382197e+00
   1.1478523e+00
   1.1455263e+00
   1.1395024e+00
   1.1442853e+00
   1.1405474e+00
   1.1362184e+00
   1.1467742e+00
   1.1271275e+00
   1.1278521e+00
   1.1423770e+00
   1.1347419e+00
   1.1611916e+00
   1.1355671e+00
   1.1341425e+00
   1.1397334e+00
   1.1381139e+00
   1.1331497e+00
   1.1480435e+00
   1.1622270e+00
   1.2006673e+00
   1.1275419e+00
   1.1031624e+00
   1.1145729e+00
   1.1002074e+00
   1.0967990e+00
   1.1061917e+00
   1.1074213e+00
   1.1054207e+00
   1.1021692e+00
   1.1124159e+00
   1.1066951e+00
   1.1114527e+00
   1.0957779e+00
   1.1048566e+00
   1.1157838e+00
   1.1342965e+00
   1.1498424e+00
   1.1472834e+00
   1.1480585e+00
   1.1541258e+00
   1.1418503e+00
   1.1464695e+00
   1.1551317e+00
   1.1481961e+00
   1.1361293e+00
   1.1310419e+00
   1.1452538e+00
   1.1590086e+00
   1.1444792e+00
   1.1809946e+00
   1.1993142e+00
   1.1776744e+00
   1.1728598e+00
   1.1824683e+00
   1.1989688e+00
   1.1440741e+00
   1.1503760e+00
   1.1412853e+00
   1.1681699e+00
   1.1334509e+00
   1.1400496e+00
   1.1382796e+00
   1.1463274e+00
   1.1347123e+00
   1.1798130e+00
   1.1643277e+00
   1.1616598e+00
   1.1668245e+00
   1.1518763e+00
   1.1422659e+00
   1.1537963e+00
   1.1669687e+00
   1.1580752e+00
   1.1732386e+00
   1.1629759e+00
   1.1280359e+00
   1.1525217e+00
   1.1595002e+00
   1.1457528e+00
   1.1568164e+00
   1.1729814e+00
   1.1662849e+00
   1.1665846e+00
